---
images/tristan-j-tarwater.jpg: 2015-01-05 18:52:08.163614221 -08:00
images/misc/fantasy-bundle-3.jpg: 2014-05-27 17:54:09.000000000 -07:00
images/misc/sci-fi-paid.jpg: 2014-05-27 17:54:09.000000000 -07:00
images/misc/S3P1.jpg: 2014-05-27 17:54:09.000000000 -07:00
images/misc/S3P2.jpg: 2014-05-27 17:54:09.000000000 -07:00
images/misc/RmR-Rafflecopter.jpg: 2014-05-27 17:54:09.000000000 -07:00
images/misc/S3P3.jpg: 2014-05-27 17:54:09.000000000 -07:00
images/misc/by-her-tits.jpg: 2014-05-27 17:54:09.000000000 -07:00
images/misc/fantasy-bundle-med.jpg: 2014-05-27 17:54:09.000000000 -07:00
images/misc/sci-fi-bundle.jpg: 2014-05-27 17:54:09.000000000 -07:00
images/books/thieves-at-heart.jpg: 2014-05-27 17:54:09.000000000 -07:00
images/books/allegories-of-the-tarot.jpg: 2014-05-27 17:54:09.000000000 -07:00
images/books/red-moon-rising.jpg: 2014-05-27 17:54:09.000000000 -07:00
images/books/little-girl-lost.jpg: 2014-05-27 17:54:09.000000000 -07:00
images/books/a-fistufl-of-lunars.jpg: 2014-07-27 22:15:09.000000000 -07:00
images/books/self-made-scoundrel.jpg: 2014-05-27 17:54:09.000000000 -07:00
images/books/box-set.jpg: 2014-05-27 17:54:09.000000000 -07:00
images/books/reality-makes-the-best-fantasy.jpg: 2014-08-31 10:20:25.000000000 -07:00
images/books/botanica-blues.jpg: 2014-05-27 17:54:09.000000000 -07:00
images/idonteven.jpg: 2014-05-27 17:54:09.000000000 -07:00
images/BTEUlogo-med-200x200.png: 2015-01-03 22:10:24.299451480 -08:00
images/backthatelfup-logo.png: 2015-01-05 18:54:41.541220589 -08:00
images/misc/female-wizard.png: 2014-05-27 17:54:09.000000000 -07:00
images/books/thumbs/thieves-at-heart.jpg: 2015-01-06 16:39:12.647910730 -08:00
images/books/thumbs/allegories-of-the-tarot.jpg: 2015-01-06 16:39:12.674577590 -08:00
images/books/thumbs/red-moon-rising.jpg: 2015-01-06 16:39:12.701244451 -08:00
images/books/thumbs/little-girl-lost.jpg: 2015-01-06 16:39:12.727911311 -08:00
images/books/thumbs/a-fistufl-of-lunars.jpg: 2015-01-06 16:39:12.754578171 -08:00
images/books/thumbs/self-made-scoundrel.jpg: 2015-01-06 16:39:12.777911675 -08:00
images/books/thumbs/box-set.jpg: 2015-01-06 16:39:12.801245177 -08:00
images/books/thumbs/reality-makes-the-best-fantasy.jpg: 2015-01-06 16:39:12.824578680
  -08:00
images/books/thumbs/botanica-blues.jpg: 2015-01-06 16:39:12.847912184 -08:00
images/books/thumbs/a-fisful-of-lunars.jpg: 2015-01-06 16:40:36.695188031 -08:00
images/books/a-fistful-of-lunars.jpg: 2014-07-27 22:15:09.000000000 -07:00
images/books/thumbs/a-fistful-of-lunars.jpg: 2015-01-06 16:44:46.880335716 -08:00
